1221 100 100 100 100 100 100 100 100 100 100
1222 87 87 87 87 87 87 87 87 87 87
1223 80 80 80 80 80 80 80 80 80 80
1224 77 77 77 77 77 77 77 77 77 77
1225 70 70 70 70 70 70 70 70 70 70
1226 67 67 67 67 67 67 67 67 67 67
1227 60 60 60 60 60 60 60 60 60 60
1228 57 57 57 57 57 57 57 57 57 57
1343 90 85 80 65 75 95 85 75 80 94
1555 70 70 70 60 65 90 85 80 80 80
1856 60 0 45 68 89 67 60 50 75 80
1967 90 85 87 88 70 90 92 87 88 67
1987 68 68 68 68 68 68 68 68 68 100
1989 59 59 59 59 59 59 59 59 59 75
1991 100 90 75 85 90 88 79 88 91 90
1993 91 90 75 85 90 88 79 88 91 90